0 0 inf
0 0 381.525
0 0 335.591
0 0 325.038
1 342.406 650.628
0 0 298.814
0 0 293.471
0 0 291.481
0 0 290.441
0 0 286.273
0 0 278.928
0 0 274.117
0 0 265.452
0 0 258.898
0 0 257.42
0 0 255.877
0 0 254.702
0 0 249.802
1 222.144 464.457
0 0 239.008
0 0 231.193
0 0 230.853
0 0 229.539
1 300.137 529.607
0 0 219.276
0 0 218.888
0 0 218.22
0 0 216.317
0 0 213.009
0 0 211.092
0 0 206.737
0 0 204.727
0 0 195.474
0 0 194.139
0 0 193.259
0 0 191.416
0 0 189.842
0 0 189.842
0 0 186.301
0 0 185.607
0 0 185.162
0 0 183.175
0 0 182.387
0 0 181.819
0 0 180.854
0 0 180.51
0 0 179.011
0 0 176.505
0 0 175.57
0 0 174.943
0 0 173.289
0 0 172.754
0 0 172.708
0 0 169.012
0 0 163.23
0 0 162.926
1 214.581 373.343
0 0 155.978
0 0 154.897
1 353.696 507.876
0 0 152.315
0 0 146.25
0 0 145.413
1 314.986 459.802
0 0 140.759
0 0 138.708
0 0 138.679
0 0 138.6
0 0 137.928
0 0 135.765
0 0 132.966
0 0 132.231
0 0 130
0 0 128.565
0 0 126.4
0 0 125.877
0 0 125.718
0 0 124.868
1 247.988 371.303
0 0 122.409
0 0 120.785
0 0 120.652
0 0 116.825
0 0 116.362
0 0 116.211
0 0 115.248
0 0 114.978
1 312.014 425.472
0 0 113.296
0 0 112.112
0 0 109.59
0 0 108.706
1 319.18 427.855
0 0 108.407
0 0 107.564
0 0 107.168
0 0 105.437
1 302.3 407.357
0 0 104.738
0 0 104.005
0 0 102.591
0 0 92.358
0 0 90.9725
0 0 90.4268
0 0 88.8369
0 0 86.267
0 0 84.7703
0 0 84.5991
0 0 83.4326
0 0 82.807
0 0 81.7068
0 0 81.6149
0 0 80.0062
1 254.197 324.821
1 259.771 327.674
0 0 66.7533
1 237.306 285.722
0 0 47.0744
1 338.463 385.389
1 371.206 413.146
1 194.263 231.812
1 278.706 315.04
0 0 35.3553
1 179.605 214.581
1 204.629 236.163
1 441.352 472.46
1 210.345 236.84
1 291.455 314.229
1 233.054 255.705
1 162.89 166.865
