0 0 inf
0 0 287.336
1 331.074 613.013
0 0 279.088
0 0 265.415
0 0 257.093
0 0 253.034
0 0 249.425
0 0 227.185
0 0 220.538
0 0 219.973
0 0 218.33
0 0 217.72
0 0 214.553
0 0 213.019
0 0 208.24
0 0 205.205
0 0 202.41
0 0 198.252
0 0 197.101
0 0 191.063
0 0 189.679
0 0 182.702
0 0 180.624
1 417.445 594.861
0 0 177.124
0 0 176.389
0 0 174.04
0 0 174.011
0 0 165.614
0 0 164.283
0 0 163.918
0 0 163.808
0 0 161.137
0 0 160.963
0 0 156.589
0 0 155.029
0 0 153.326
0 0 151.822
0 0 150.881
0 0 148.003
0 0 148.003
0 0 143.736
0 0 143.126
0 0 142
0 0 141.651
0 0 140.759
0 0 138.708
0 0 138.708
0 0 136.858
0 0 135.074
0 0 134.332
0 0 132.095
0 0 128.888
0 0 127.201
0 0 122.409
0 0 122
0 0 121.491
0 0 119.331
0 0 119.206
0 0 118.828
0 0 117.987
0 0 117.427
0 0 116.499
0 0 113.741
0 0 110.164
1 404.224 512.294
0 0 107.117
0 0 102.961
0 0 102.961
1 173.104 276.031
0 0 101.597
0 0 98.4124
0 0 96.1353
0 0 93.8136
0 0 93.6056
0 0 93.1504
1 202.072 294.45
0 0 91.6788
0 0 89.8443
0 0 88.8369
0 0 86.267
0 0 86.1452
0 0 82.8553
0 0 82.807
0 0 82.5651
0 0 81.7435
0 0 81.7068
0 0 81.6149
0 0 81
0 0 79.511
0 0 72.5672
0 0 72.4983
0 0 72.4983
0 0 72.1249
0 0 69.4046
0 0 64.0078
0 0 61.327
0 0 59.4643
0 0 57.9741
0 0 56.8859
1 224.555 279.852
0 0 53.1601
0 0 53.1507
0 0 51.9711
0 0 51.9711
0 0 50
1 231.625 280
1 248.298 296.007
1 254.197 298.965
0 0 39.8246
0 0 33.541
1 207.625 239.454
0 0 31.4006
0 0 27.8568
1 210.583 236.966
1 370.844 394.629
1 320.156 339.178
1 236.163 243.403
0 0 7.07107
1 285.212 292.25
1 239.52 245.961
1 231.812 235.281
1 147.122 149.967
1 145.609 148.449
1 259.193 260.192
